1 0.373657 0.414227 0.380093 0.383402 0.332396 0.351924 0.325959 0.382749 0.85831
1 0.783057 0.70208 0.790182 0.673477 0.745954 0.638659 0.738829 0.667262 0.856125
1 0.74108 0.586294 0.746499 0.554363 0.691804 0.525025 0.686385 0.556956 0.854839
1 0.956102 0.570929 0.96439 0.540801 0.910116 0.49361 0.901827 0.523738 0.854528
1 0.396464 0.311742 0.402965 0.284386 0.35241 0.246413 0.345908 0.273769 0.853817
1 0.883608 0.901766 0.890231 0.870902 0.835262 0.833627 0.828639 0.864491 0.853724
1 0.383134 0.377108 0.389714 0.346505 0.338026 0.311382 0.331446 0.341984 0.852924
1 0.390276 0.34331 0.396534 0.31314 0.339696 0.275876 0.333437 0.306046 0.852656
1 0.382321 0.811911 0.401861 0.803041 0.386725 0.697675 0.367186 0.706546 0.85161
1 0.601693 0.56592 0.608997 0.535538 0.550479 0.491071 0.543174 0.521453 0.851423
1 0.615312 0.49329 0.622228 0.461976 0.566315 0.422945 0.559398 0.454259 0.851289
1 0.932582 0.677367 0.939706 0.65013 0.889961 0.609008 0.882836 0.636245 0.851026
1 0.858591 0.999777 0.866448 0.969187 0.803789 0.918326 0.795933 0.948916 0.850919
1 0.793381 0.674567 0.800604 0.64623 0.754746 0.609287 0.747523 0.637624 0.850552
1 0.951479 0.612815 0.95897 0.583292 0.904256 0.53941 0.896764 0.568933 0.850478
1 0.731836 0.619523 0.737158 0.589574 0.688357 0.562166 0.683035 0.592115 0.8502
1 0.774891 0.425961 0.781065 0.395482 0.730648 0.363209 0.724474 0.393688 0.849827
1 0.767102 0.460336 0.772911 0.42952 0.720186 0.398108 0.714377 0.428924 0.849792
1 0.320219 0.839076 0.338127 0.831013 0.324374 0.734467 0.306465 0.74253 0.849675
1 0.826578 0.563316 0.832931 0.532951 0.778433 0.496917 0.77208 0.527282 0.849312
1 0.357579 0.818311 0.378011 0.808984 0.360965 0.690977 0.340534 0.700305 0.84894
1 0.927472 0.709644 0.935076 0.681558 0.882146 0.636271 0.874543 0.664356 0.848412
1 0.306025 0.957479 0.321932 0.951069 0.312058 0.873621 0.296151 0.880031 0.848343
1 0.271031 0.865968 0.286989 0.856288 0.267186 0.753111 0.251229 0.762791 0.848244
1 0.942399 0.643052 0.949435 0.613285 0.898108 0.574941 0.891072 0.604708 0.847982
1 0.441479 0.116531 0.447396 0.0904572 0.396772 0.0541502 0.390855 0.0802242 0.847349
1 0.435196 0.145407 0.441105 0.117011 0.384297 0.0796454 0.378387 0.108041 0.847168
1 0.184769 0.434354 0.19009 0.410631 0.151922 0.383572 0.1466 0.407295 0.847029
1 0.404948 0.801157 0.425992 0.791923 0.408466 0.665699 0.387422 0.674934 0.847007
1 0.981124 0.484557 0.988935 0.455607 0.9403 0.414131 0.932488 0.443081 0.846765
1 0.485004 0.232065 0.491021 0.205212 0.445544 0.173003 0.439527 0.199856 0.846182
1 0.240343 0.0631109 0.243627 0.0462994 0.217729 0.0303097 0.214445 0.0471212 0.846055
1 0.808809 0.611648 0.815312 0.585366 0.767981 0.548352 0.761478 0.574634 0.845561
1 0.585506 0.257094 0.592674 0.229167 0.547465 0.192493 0.540297 0.22042 0.845425
1 0.549687 0.4035 0.554936 0.379493 0.517494 0.353622 0.512246 0.377629 0.845369
1 0.867775 0.965222 0.875349 0.934698 0.819984 0.891281 0.81241 0.921805 0.84534
1 0.523958 0.0636377 0.530114 0.0360388 0.484716 0.00403647 0.47856 0.0316354 0.845271
1 0.890869 0.869165 0.897915 0.837382 0.842141 0.798305 0.835095 0.830087 0.844997
1 0.784413 0.392576 0.789737 0.364994 0.743757 0.336945 0.738433 0.364527 0.844705
1 0.4234 0.201517 0.429498 0.1741 0.378552 0.138285 0.372454 0.165701 0.84464
1 0.545929 0.431798 0.551041 0.408575 0.511309 0.380934 0.506197 0.404157 0.844593
1 0.966874 0.537157 0.973971 0.510862 0.928987 0.472489 0.92189 0.498784 0.844591
1 0.235504 0.878137 0.251943 0.869002 0.236155 0.779208 0.219716 0.788342 0.84368
1 0.46835 0.33173 0.475962 0.305651 0.427852 0.261268 0.420239 0.287348 0.843645
1 0.685291 0.0977695 0.691401 0.0717001 0.652037 0.042542 0.645927 0.0686115 0.843381
1 0.339465 0.831652 0.357031 0.822778 0.340692 0.72056 0.323126 0.729434 0.843354
1 0.904286 0.806167 0.911601 0.77835 0.865446 0.739989 0.858131 0.767805 0.843222
1 0.289271 0.856026 0.306724 0.843874 0.285721 0.748548 0.268269 0.7607 0.843108
1 0.41086 0.254172 0.417238 0.227464 0.369475 0.191415 0.363097 0.218123 0.843059
1 0.235334 1.00278 0.252991 0.993449 0.238572 0.907222 0.220915 0.916554 0.84244
1 0.986229 0.44759 0.993522 0.420761 0.951116 0.384331 0.943823 0.411159 0.842117
1 0.833722 0.530263 0.84059 0.498222 0.78685 0.461813 0.779981 0.493854 0.842112
1 0.452301 0.0639768 0.459319 0.0376921 0.412452 -0.00185876 0.405434 0.024426 0.8421
1 0.415427 0.224849 0.420618 0.200252 0.376647 0.170924 0.371456 0.195521 0.842087
1 0.726108 0.647364 0.730544 0.618666 0.685379 0.5966 0.680943 0.625298 0.84202
1 0.896324 0.836785 0.903794 0.80826 0.851131 0.764669 0.84366 0.793194 0.84157
1 0.607625 0.529401 0.614251 0.498813 0.557533 0.459981 0.550907 0.490569 0.841488
1 0.755946 0.523577 0.761646 0.49509 0.712214 0.463832 0.706514 0.492319 0.841406
1 0.592538 0.227597 0.598554 0.202564 0.555568 0.169914 0.549552 0.194946 0.841372
1 0.539554 0.456919 0.545305 0.432747 0.507174 0.404075 0.501423 0.428247 0.841138
1 0.835947 0.493904 0.842817 0.465206 0.794367 0.428549 0.787497 0.457247 0.840909
1 0.614198 0.123188 0.62022 0.0986976 0.575157 0.0636728 0.569135 0.0881634 0.840152
1 0.428352 0.173333 0.434206 0.148352 0.387208 0.113548 0.381355 0.13853 0.840007
1 1.00015 0.382744 1.00564 0.356936 0.965636 0.330085 0.960155 0.355892 0.839973
1 0.607425 0.155172 0.613087 0.127546 0.569939 0.0995981 0.564278 0.127224 0.839896
1 0.532624 0.484414 0.537968 0.458215 0.496699 0.43161 0.491355 0.457809 0.839784
1 0.475254 0.298509 0.482177 0.271405 0.433409 0.232035 0.426486 0.259139 0.83946
1 0.625676 0.0662927 0.632578 0.0394231 0.590344 0.00513294 0.583442 0.0320025 0.839108
1 0.768479 0.748668 0.774885 0.726482 0.737314 0.692193 0.730907 0.714379 0.838989
1 0.626404 0.403335 0.633583 0.376516 0.586047 0.336296 0.578867 0.363115 0.83856
1 0.799822 0.641902 0.806635 0.615045 0.760483 0.578043 0.75367 0.6049 0.838507
1 0.487071 0.200235 0.492879 0.175664 0.452384 0.145413 0.446576 0.169984 0.837795
1 0.403967 0.28184 0.410116 0.254548 0.359745 0.218683 0.353597 0.245976 0.837539
1 0.654162 0.291688 0.66087 0.263003 0.612788 0.227463 0.606079 0.256147 0.83736
1 0.428473 0.919405 0.446038 0.910391 0.431341 0.819879 0.413776 0.828894 0.837277
1 0.56209 0.356742 0.568367 0.332359 0.527339 0.298979 0.521062 0.323362 0.836847
1 0.168742 0.522501 0.173485 0.500831 0.138098 0.476351 0.133355 0.498021 0.836813
1 0.444805 0.0889831 0.450717 0.0648414 0.407615 0.0314813 0.401703 0.055623 0.836471
1 0.696914 0.750869 0.703293 0.717146 0.648055 0.684119 0.641675 0.717842 0.836329
1 0.994631 0.413866 1.00101 0.387289 0.957337 0.354135 0.950954 0.380713 0.835948
1 0.679055 0.142321 0.685058 0.117591 0.642386 0.0848538 0.636383 0.109584 0.835028
1 0.211346 0.247853 0.215143 0.227911 0.184603 0.209532 0.180806 0.229475 0.83501
1 0.476473 0.260943 0.482262 0.235452 0.439636 0.204855 0.433846 0.230345 0.835004
1 0.497579 0.128079 0.502824 0.108744 0.46804 0.0789223 0.462795 0.0982571 0.834436
1 0.667728 0.202736 0.674334 0.175602 0.630383 0.141783 0.623777 0.168916 0.834337
1 0.175611 0.48077 0.18016 0.459701 0.145779 0.436241 0.14123 0.457311 0.83429
1 0.746516 0.553023 0.752196 0.52385 0.701424 0.492608 0.695744 0.52178 0.834076
1 0.39144 0.926726 0.40621 0.919396 0.392593 0.832677 0.377822 0.840007 0.833853
1 0.671112 0.169284 0.677268 0.144355 0.63534 0.111633 0.629184 0.136562 0.833769
1 0.700783 0.0747943 0.707603 0.0466196 0.65919 0.00958365 0.65237 0.0377583 0.833509
1 0.627585 0.368202 0.633232 0.344831 0.5915 0.312964 0.585854 0.336336 0.833012
1 0.790999 0.363483 0.796425 0.333293 0.742604 0.30272 0.737178 0.33291 0.83286
1 0.910839 0.769958 0.918487 0.741227 0.867985 0.69874 0.860337 0.727472 0.832275
1 0.796183 0.332952 0.802752 0.304147 0.756587 0.270872 0.750018 0.299677 0.83216
1 0.490877 0.178236 0.497965 0.15549 0.460119 0.118219 0.453032 0.140965 0.831533
1 0.220623 0.887555 0.23513 0.87983 0.222185 0.802999 0.207678 0.810724 0.831418
1 0.764494 0.779209 0.771446 0.754564 0.731177 0.718662 0.724225 0.743307 0.831035
1 0.573171 0.304847 0.580529 0.281651 0.544369 0.2454 0.537011 0.268595 0.829774
1 0.208855 0.325335 0.213258 0.303259 0.173465 0.278179 0.169062 0.300255 0.829688
1 0.25315 0.872095 0.268886 0.86323 0.252214 0.769691 0.236478 0.778556 0.828819
1 0.916573 0.736294 0.923221 0.709841 0.8735 0.670347 0.866852 0.6968 0.828401
1 0.86072 0.0598169 0.863307 0.0389713 0.83476 0.0277713 0.832173 0.0486169 0.827353
1 0.187166 1.00353 0.201501 0.99738 0.192732 0.932788 0.178397 0.938938 0.826838
1 0.187452 0.46173 0.191748 0.440178 0.148667 0.41304 0.144371 0.434592 0.826744
1 0.411096 0.936322 0.427135 0.927983 0.411651 0.833856 0.395612 0.842195 0.826633
1 0.863991 0.0401865 0.867527 0.0206084 0.840237 0.00503101 0.836701 0.0246091 0.826077
1 0.511379 0.0813656 0.516374 0.0580798 0.477519 0.0317341 0.472524 0.0550199 0.825061
1 0.278239 0.975618 0.294525 0.969322 0.284239 0.885226 0.267953 0.891522 0.824657
1 0.597461 0.199468 0.602603 0.177728 0.569595 0.153051 0.564452 0.174791 0.824538
1 0.160673 0.611506 0.165597 0.588063 0.122703 0.559587 0.117778 0.583029 0.824501
1 0.226624 0.118397 0.229325 0.103119 0.206877 0.090576 0.204175 0.105855 0.823858
1 0.657874 0.224397 0.66346 0.200171 0.622132 0.17005 0.616545 0.194276 0.823264
1 0.568328 0.330856 0.574923 0.305586 0.531105 0.269447 0.52451 0.294716 0.823226
1 0.179577 0.384142 0.184721 0.36617 0.160998 0.344707 0.155853 0.36268 0.822826
1 0.126479 0.741792 0.129594 0.721582 0.0974926 0.705946 0.0943778 0.726156 0.822797
1 0.356508 0.944669 0.371957 0.93851 0.360934 0.851119 0.345485 0.857278 0.822675
1 0.325264 0.959595 0.341343 0.952296 0.329322 0.868611 0.313243 0.87591 0.822674
1 0.130092 0.709945 0.133414 0.692079 0.104216 0.67492 0.100894 0.692787 0.822475
1 0.101718 0.816291 0.103777 0.797575 0.0797835 0.789232 0.0777244 0.807948 0.82203
1 0.151617 0.554874 0.154024 0.536447 0.126294 0.525002 0.123888 0.543429 0.821687
1 0.237712 0.0846129 0.240551 0.0672185 0.212963 0.0529868 0.210124 0.0703812 0.821464
1 0.187629 0.344778 0.190783 0.329135 0.166217 0.31348 0.163062 0.329123 0.82092
1 0.507522 0.10884 0.513429 0.0851282 0.474254 0.0542844 0.468347 0.0779967 0.820677
1 0.191533 0.897142 0.205707 0.890884 0.195927 0.820881 0.181754 0.827139 0.819607
1 0.166631 0.915549 0.179559 0.908077 0.169012 0.850412 0.156085 0.857884 0.819552
1 0.21882 0.198281 0.223484 0.180653 0.194359 0.156301 0.189695 0.17393 0.818976
1 0.104869 0.78179 0.106792 0.766174 0.0855687 0.757912 0.0836452 0.773528 0.818131
1 0.130632 0.669831 0.133849 0.652796 0.108982 0.637956 0.105765 0.654991 0.817237
1 0.098141 0.835449 0.100473 0.81883 0.0759563 0.807954 0.0736238 0.824573 0.815423
1 0.198208 0.292286 0.201102 0.274386 0.175558 0.261331 0.172663 0.279231 0.810137
1 0.376241 0.932966 0.3902 0.925407 0.376879 0.847667 0.362921 0.855226 0.810014
1 0.261146 0.974044 0.274867 0.968589 0.265167 0.891465 0.251446 0.896919 0.80974
1 0.160099 0.58163 0.163615 0.560775 0.126318 0.5409 0.122801 0.561755 0.809598
1 0.212111 0.20898 0.215514 0.194249 0.192778 0.177647 0.189375 0.192379 0.808747
1 0.197788 0.272198 0.200082 0.257565 0.178678 0.246957 0.176384 0.261589 0.808607
1 0.133035 0.691744 0.136238 0.674862 0.106828 0.657229 0.103626 0.674112 0.808278
1 0.836811 0.174164 0.844121 0.136716 0.795844 0.106933 0.788534 0.14438 0.805528
1 0.60324 0.176563 0.607351 0.155336 0.57104 0.133112 0.566929 0.154339 0.80346
1 0.203673 0.99163 0.215661 0.985223 0.205157 0.923112 0.193169 0.929519 0.802477
1 0.183804 0.360129 0.186899 0.344594 0.162036 0.328941 0.158942 0.344477 0.802081
1 0.524678 0.0305067 0.530098 0.00670156 0.494852 -0.0186608 0.489432 0.00514437 0.80188
1 0.166059 1.00378 0.180279 0.996703 0.170593 0.935179 0.156372 0.942255 0.800638
1 0.154476 1.00864 0.167266 0.999546 0.154901 0.94461 0.142112 0.953708 0.798985
1 0.49297 0.147693 0.49811 0.129086 0.462628 0.0981035 0.457487 0.11671 0.798683
1 0.102762 0.796445 0.104565 0.781572 0.0831505 0.773365 0.0813472 0.788239 0.793718
1 0.803799 0.301554 0.810032 0.276309 0.772832 0.247283 0.766599 0.272528 0.792861
1 0.220573 1.00796 0.234294 0.9998 0.221252 0.930461 0.20753 0.938618 0.78833
1 0.633836 0.0408891 0.640374 0.0154715 0.595622 -0.020909 0.589084 0.0045086 0.785523
1 0.458576 0.0374707 0.465554 0.0121734 0.425904 -0.0223962 0.418926 0.00290106 0.780481
1 0.243045 0.0363785 0.246921 0.0228816 0.22409 0.00216031 0.220214 0.0156571 0.780415
1 0.205868 0.892833 0.219308 0.886985 0.210319 0.821692 0.196879 0.82754 0.778639
1 0.249437 0.977244 0.262419 0.971892 0.253086 0.90034 0.240104 0.905692 0.776783
1 0.342163 0.946119 0.357289 0.938046 0.342893 0.852807 0.327767 0.860881 0.77438
1 0.616509 0.454794 0.627891 0.411 0.578342 0.370299 0.566959 0.414092 0.773585
1 0.180475 0.904951 0.191736 0.898722 0.180677 0.835543 0.169417 0.841772 0.761442
1 0.844123 0.462436 0.85468 0.420142 0.805191 0.381098 0.794633 0.423392 0.76096
1 0.913111 0.0440137 0.917861 0.0235395 0.88812 0.00173285 0.88337 0.022207 0.760197
1 0.147782 0.624368 0.151822 0.60618 0.118065 0.582478 0.114024 0.600666 0.75957
1 0.131712 0.644961 0.134395 0.630245 0.113673 0.618304 0.11099 0.63302 0.751271
1 0.199092 0.258842 0.201762 0.244787 0.18028 0.231889 0.17761 0.245943 0.748434
1 0.69564 0.0377386 0.700484 0.0183835 0.664934 -0.00973726 0.66009 0.00961782 0.745488
1 0.904601 0.0622936 0.909255 0.0432571 0.883074 0.0230271 0.87842 0.0420636 0.744863
1 0.525965 0.512 0.530421 0.486251 0.492001 0.465238 0.487545 0.490987 0.726663
1 0.644907 0.316703 0.651156 0.287268 0.602128 0.254375 0.59588 0.28381 0.721269
1 0.840485 1.02681 0.846983 0.992849 0.794946 0.961381 0.788448 0.995342 0.715327
1 0.110836 0.749518 0.113091 0.736391 0.0955133 0.726851 0.0932589 0.739978 0.696757
1 0.247899 0.0225005 0.251416 0.0102077 0.229338 -0.00975497 0.225821 0.00253785 0.693002
1 0.707828 0.0199074 0.709471 0.00198901 0.679545 -0.00668278 0.677902 0.0112356 0.670154
1 1.00067 0.347681 1.00669 0.319896 0.968144 0.293495 0.962123 0.32128 0.665866
1 0.15217 0.918735 0.164226 0.914202 0.15779 0.860095 0.145734 0.864628 0.648318
1 0.256245 0.013471 0.258033 0.000684047 0.242638 -0.00611829 0.24085 0.00666867 0.635434
1 0.135686 0.632042 0.138957 0.615737 0.114979 0.600534 0.111708 0.616839 0.616762
1 0.826097 0.226059 0.835216 0.181293 0.781443 0.146673 0.772324 0.191439 0.616735
1 0.915833 0.0206017 0.91893 0.00287488 0.893762 -0.0110185 0.890666 0.00670832 0.609981
1 0.843076 0.126507 0.851361 0.085114 0.808472 0.0579829 0.800187 0.0993759 0.604557
1 0.896221 0.214765 0.9053 0.165561 0.857216 0.137517 0.848136 0.186722 0.603289
1 0.852102 0.414228 0.86411 0.367216 0.815518 0.327989 0.80351 0.375002 0.581983
1 0.24034 0.0463632 0.243346 0.0330034 0.219923 0.0163465 0.216917 0.0297063 0.567365
1 0.813073 0.275042 0.822313 0.234587 0.775185 0.200566 0.765945 0.241021 0.483098
1 0.90384 0.166378 0.912921 0.123437 0.868135 0.0935026 0.859054 0.136443 0.429202
1 0.914551 0.122795 0.925608 0.0779799 0.878953 0.0416028 0.867897 0.0864175 0.372938
7 0.114707 0.841761 0.157575 1.06601 0.482822 0.869506 0.439954 0.645257 0.345935
1 0.86676 0.364402 0.879088 0.315967 0.828809 0.275522 0.816481 0.323957 0.344151
1 0.657997 0.250198 0.662683 0.224168 0.617523 0.198472 0.612837 0.224502 0.272521
1 0.877443 0.314053 0.88905 0.263273 0.842129 0.229376 0.830522 0.280157 0.26683
