15 0.552548 0.537038 0.442714 0.331137 0.938307
32 0.755512 0.54449 0.0620466 0.080004 0.813854
51 0.578413 0.697988 0.291253 0.167159 0.484073
15 0.552548 0.537038 0.442714 0.331137 0.938307
32 0.755512 0.54449 0.0620466 0.080004 0.813854
51 0.578413 0.697988 0.291253 0.167159 0.484073
15 0.55262 0.537439 0.44208 0.333646 0.946511
32 0.755605 0.544279 0.0618604 0.0797439 0.848207
51 0.578158 0.698085 0.292396 0.167772 0.280664
15 0.55262 0.537439 0.44208 0.333646 0.946511
32 0.755605 0.544279 0.0618604 0.0797439 0.848207
51 0.578158 0.698085 0.292396 0.167772 0.280664
